tree
version=v4
num_class=1
num_tree_per_iteration=1
label_index=0
max_feature_idx=64
objective=binary sigmoid:1
feature_names=Column_0 Column_1 Column_2 Column_3 Column_4 Column_5 Column_6 Column_7 Column_8 Column_9 Column_10 Column_11 Column_12 Column_13 Column_14 Column_15 Column_16 Column_17 Column_18 Column_19 Column_20 Column_21 Column_22 Column_23 Column_24 Column_25 Column_26 Column_27 Column_28 Column_29 Column_30 Column_31 Column_32 Column_33 Column_34 Column_35 Column_36 Column_37 Column_38 Column_39 Column_40 Column_41 Column_42 Column_43 Column_44 Column_45 Column_46 Column_47 Column_48 Column_49 Column_50 Column_51 Column_52 Column_53 Column_54 Column_55 Column_56 Column_57 Column_58 Column_59 Column_60 Column_61 Column_62 Column_63 Column_64
feature_infos=[0.62:91.090000000000003] [5.3000000000000001e-05:0.054050000000000001] [-2.329758:3.296869] [-1.5609383874552414:1.0355417956656348] [-12.228699238135178:9.0059523809523796] [-20.353000000000002:6.4504999999999999] [0:100] [-3.3092000000000001:4.3581000000000003] [37.371127000000001:362832589.30712497] [0:1] [0:1] [0:14.537974999999999] [0:100] [0:100] [0:100] [-100:6700] [-0.22740199999999999:0.059043680000000001] [1.4e-05:0.101086] [0.006705:10.180012] [-0.067480159999999997:0.010629960000000001] [4.1500000000000004:99.760000000000005] [0.000195:0.086930999999999994] [-3.6768489999999998:2.3756409999999999] [-1.4145284872298625:1.6100833044081917] [-10.572984226118985:12.439119496855346] [-17.654299999999999:23.0304] [0.01:100] [-3.6793999999999998:4.3586] [77.409227999999999:306989728.04866099] [0:1] [0:1] [0:14.769584999999999] [0:100] [0:100] [0:100] [-100:34900] [-0.19489259:0.20695706] [6.0000000000000002e-05:0.53812400000000005] [0.013237000000000001:132.23729900000001] [-0.066524310000000003:0.066474060000000001] [0.57999999999999996:99.75] [0.00053300000000000005:0.078666] [-2.490462:2.1984620000000001] [-1.3556927133269414:1.5131275449888351] [-12.209864468352663:12.451813719621695] [-11.4411:25.6493] [0.070000000000000007:99.980000000000004] [-3.0727000000000002:4.3589000000000002] [1448.4302170000001:149855353.51292801] [0:1] [0:1] [0:14.637029] [0:100] [0:100] [0:99.400000000000006] [-93.370999999999995:10920] [-0.12169147:0.22781203] [0.00015799999999999999:0.55201699999999998] [0.027803999999999999:199.99576099999999] [-0.02699621:0.070348209999999994] [-1:1] [-1:1] [0:6] [0:1] [0:1]
tree_sizes=6786 6924 6932 6940

Tree=0
num_leaves=63
num_cat=0
split_feature=17 44 45 57 19 17 17 48 45 56 62 59 41 22 56 18 41 58 58 41 24 48 38 41 38 42 41 41 20 56 44 45 60 56 62 58 20 58 37 41 60 56 44 57 25 43 25 57 21 4 56 25 46 17 28 48 45 57 48 45 37 44
split_gain=48017 9597.06 3258 1625.19 1624.79 1325.64 923.167 979.007 768.492 675.268 671.212 603.293 530.518 529.515 514.285 494.517 466.913 565.87 458.189 449.55 443.623 398.948 370.387 458.096 366.804 319.15 308.845 345.298 298.865 345.484 290.096 539.067 298.751 490.823 439.397 341.599 286.074 281.314 362.924 416.573 274.142 259.17 316.754 361.34 314.448 277.44 274.181 254.279 253.784 253.426 251.728 275.908 249.093 254.114 247.936 245.755 243.684 246.241 243.678 305.515 242.414 238.731
threshold=0.0017565000000000002 -1.2592978367817713 5.2931500000000007 0.016498500000000003 -9.5094999999999983e-05 0.00041650000000000004 0.0048255000000000008 1052511.136071 16.846800000000005 -0.0090404399999999985 2.5000000000000004 -0.00012763999999999996 0.0014235000000000001 -0.14664049999999998 -0.082706089999999982 0.24492100000000003 0.038398000000000009 1.4037165 0.77196300000000007 0.0060205000000000007 1.7104336312479314 1528184.494164 1.6604025000000002 0.0016555000000000001 0.64924050000000011 -0.32287949999999993 0.012732000000000002 0.018925500000000001 51.525000000000013 0.065608355000000021 4.1554178234091994 2.1566500000000004 0.13052619222005182 0.044441480000000012 1.5000000000000002 0.13352600000000001 48.985000000000007 2.1752420000000003 0.039417000000000008 0.0053925000000000006 -0.47136869107721074 -0.089891584999999982 -1.774943703447081 0.007732000000000001 0.22515000000000004 -0.021818996733983135 -2.6967999999999996 0.031172000000000002 0.011825500000000001 -0.038204003179550271 0.026690685000000002 -1.7084999999999997 66.085000000000022 0.032863500000000011 12409614.519026002 576495.75625000009 2.3530500000000005 0.0038765000000000002 3298882.5200280002 -0.37124999999999991 0.00020750000000000003 -2.0437790650734695
decision_type=2 2 2 2 2 2 2 2 2 2 2 2 2 2 2 2 2 2 2 2 2 2 2 2 2 2 2 2 2 2 2 2 2 2 2 2 2 2 2 2 2 2 2 2 2 2 2 2 2 2 2 2 2 2 2 2 2 2 2 2 2 2
left_child=1 3 6 11 47 15 7 -2 19 13 21 18 -13 -9 -12 -6 22 -18 -1 36 54 -5 23 -8 60 -16 -26 -28 29 37 32 -32 52 35 -35 -34 -7 38 -17 -40 -21 -24 43 44 46 -45 49 -3 50 -43 51 -11 -25 -54 55 -14 57 -37 -57 -60 -4 -47
right_child=2 4 24 10 5 8 16 9 -10 48 14 12 20 -15 25 28 17 -19 -20 40 -22 -23 41 30 26 -27 27 -29 -30 -31 31 -33 33 34 -36 56 -38 -39 39 -41 -42 42 -44 45 -46 61 -48 -49 -50 -51 -52 -53 53 -55 -56 58 -58 -59 59 -61 -62 -63
leaf_value=-1.3564699937154947 -1.3589926153047274 -1.354550846996599 -1.3710234615202053 -1.3714171347788198 -1.3485085130388061 -1.3451367441073392 -1.3854945894134794 -1.3472837295795328 -1.242517309247019 -1.2669545251076604 -1.3645615486384066 -1.2693896519874099 -1.2922596415947549 -1.2695832454770495 -1.3736628328194032 -1.280727573635527 -1.2261696055254487 -1.3623700191057719 -1.2716522151191503 -1.2781014600667759 -1.2852445980039111 -1.3242117186461995 -1.3850574975704988 -1.3614293965225579 -1.3523089152831849 -1.3046340913037866 -1.2895207725632769 -1.3304810194779895 -1.2667562893480708 -1.2641612009725105 -1.2728643208839532 -1.3565320363655198 -1.2502205772994306 -1.2331634784433481 -1.3787272641414507 -1.3669416689583167 -1.3020037709749428 -1.2683414280277636 -1.3584812820748315 -1.2838847917557581 -1.3077272665468695 -1.3287401099316489 -1.3658752441791735 -1.3732234713697984 -1.2719874580699191 -1.3568159603862355 -1.3497172903641652 -1.282688156029987 -1.389269765815355 -1.2462746605371715 -1.2747794998794393 -1.3373021207968361 -1.3640004092877669 -1.3349424479249208 -1.2824729028785942 -1.3571563285865844 -1.3817818888193065 -1.3375742849928192 -1.3132615743942841 -1.3676194261863368 -1.2666791479036199 -1.325119113836124
leaf_weight=62.620220631361008 692.81482689082623 243.88649863004684 20.503001064062119 700.76015621423721 71.261983156204224 286.50725576281548 275.14331258833408 101.52777637541294 224.28286039829254 53.59311044216156 212.98738075792789 206.23020321130753 113.80022916197777 369.87109266221523 65.589934661984444 3116.789290368557 56.991656303405762 51.160162344574928 591.35907347500324 653.29490169882774 252.93969720602036 207.83871601521969 318.00981810688972 1697.6587882637978 130.312615275383 617.59857296943665 588.16881223022938 276.20569087564945 18101.293493434787 2249.671640843153 133.36127044260502 141.61924849450588 34.655581623315811 67.690609648823738 24.768800973892212 294.18319872021675 270.90360106527805 1684.9436567276716 121.22440333664417 148.3574670702219 518.59985980391502 127.16003960371017 2025.026204675436 639.32585875689983 68.656207412481308 796.51976898312569 533.0055505335331 52.949973598122597 61.050734788179398 45.757722020149231 76.361808747053146 674.83152045309544 388.88645359873772 880.53633311390877 92.632460072636604 381.90270844101906 142.12657785415649 1946.5378437936306 403.90673181414604 119.31863078474998 327.39194160699844 290.7692638784647
leaf_count=332 3708 1279 117 3966 362 1434 1654 513 551 162 1170 644 419 1159 376 10646 114 279 1885 2187 890 932 1908 9187 675 2473 2135 1282 55590 6762 427 750 89 148 146 1633 1066 5238 648 516 2116 584 11181 3647 217 4220 2729 181 374 114 247 3248 2130 4187 318 2027 842 9384 1703 665 1002 1311
internal_value=-1.29853 -1.27796 -1.34407 -1.32124 -1.27167 -1.27092 -1.34867 -1.33009 -1.29485 -1.3151 -1.34243 -1.30408 -1.31425 -1.28621 -1.32401 -1.26909 -1.35211 -1.29037 -1.27981 -1.30171 -1.32111 -1.36057 -1.35273 -1.34777 -1.2996 -1.31133 -1.30902 -1.30253 -1.26887 -1.2741 -1.34595 -1.31592 -1.34747 -1.33985 -1.27234 -1.34248 -1.32407 -1.27853 -1.28363 -1.31744 -1.29114 -1.35891 -1.35706 -1.34992 -1.33291 -1.35755 -1.33898 -1.34164 -1.33092 -1.30626 -1.32642 -1.33197 -1.35391 -1.34387 -1.32935 -1.3337 -1.34388 -1.34145 -1.33901 -1.32572 -1.27295 -1.34835
internal_weight=46125.6 31773.5 14352.2 4029.48 27744 27447.1 13009.6 2030.05 1953.59 1337.24 1804.77 2224.71 1570.73 471.399 896.176 25493.5 10979.6 108.152 653.979 1729.31 1364.5 908.599 10871.4 6027.17 1342.58 683.189 994.687 864.375 25422.3 7320.99 5752.02 274.981 5477.04 2509.96 92.4594 2417.5 557.411 5071.31 3386.37 269.582 1171.89 4844.23 4526.22 2501.19 774.58 1726.61 705.923 296.836 865.837 172.918 804.786 728.425 2967.08 1269.42 1111.56 1018.93 2382.85 2240.72 905.128 523.225 347.895 1087.29
internal_count=177879 106376 71503 17800 88576 87116 66292 9411 7354 5703 8917 8883 6666 1672 4019 79762 56881 393 2217 6803 6022 4898 56488 30577 5211 2849 4092 3417 79400 23810 28923 1177 27746 12242 294 11948 2500 17048 11810 1164 4303 25911 24003 12822 3644 9178 3427 1460 4031 698 3657 3410 15504 6317 5132 4814 11859 11017 4395 2368 1119 5531
is_linear=0
shrinkage=1


Tree=1
num_leaves=63
num_cat=0
split_feature=1 44 45 8 48 17 25 24 43 57 57 21 56 38 44 38 17 44 57 57 37 58 56 44 58 37 57 17 26 0 62 58 27 24 48 48 37 24 18 58 57 25 20 57 45 56 37 50 45 45 56 60 24 46 45 38 57 20 39 45 56 38
split_gain=43178.1 5323.65 3699.18 2052.99 1224.76 890.287 759.434 744.195 631.663 481.352 463.37 390.579 376.782 350.407 393.715 347.709 364.588 345.564 339.157 335.225 457.973 484.833 328.474 499.684 390.443 327.92 323.776 574.057 310.563 293.443 292.047 308.656 291.421 316.678 339.174 284.977 281.855 277.268 277.185 269.93 259.639 251.639 323.506 349.994 255.641 250.528 240.618 233.515 228.008 354.712 226.049 365.692 226.29 285.811 260.064 257.145 282.869 241.282 225.583 225.069 222.886 222.412
threshold=0.00085950000000000013 -1.7433017851517738 5.1716500000000005 337453.43415350007 3148743.7520380006 0.00049550000000000017 0.74595000000000011 2.3512948970256917 -0.12925725141916708 0.015313000000000002 0.013573000000000002 0.038873500000000005 -0.035714704999999992 1.5020235000000002 5.4665765377156221 0.64924050000000011 0.0048255000000000008 -2.1174334068644884 0.0042855000000000002 0.0055055000000000008 0.00097250000000000017 0.13352600000000001 -0.089891584999999982 -1.7107465433801512 2.0392770000000007 0.016893500000000002 0.007732000000000001 0.040955500000000006 2.7950000000000004 54.245000000000012 1.0000000180025095e-35 1.337833 -0.64874999999999994 0.44124088583089416 1052511.136071 9756839.8095625024 0.0261195 2.4433327982492172 1.9441295000000001 1.3507820000000004 0.020479000000000004 0.4290500000000001 72.145000000000024 0.03920400000000001 0.35335000000000005 -0.087367944999999989 0.00020750000000000003 1.0000000180025095e-35 -5.866649999999999 -6.7625499999999992 0.044441480000000012 0.13052619222005182 0.62466999594273076 66.655000000000015 2.3530500000000005 0.80288100000000007 0.020941500000000005 48.185000000000009 -0.00082053499999999995 18.183500000000006 -0.00020953999999999998 0.74250200000000011
decision_type=2 2 2 2 2 2 2 2 2 2 2 2 2 2 2 2 2 2 2 2 2 2 2 2 2 2 2 2 2 2 2 2 2 2 2 2 2 2 2 2 2 2 2 2 2 2 2 2 2 2 2 2 2 2 2 2 2 2 2 2 2 2
left_child=1 4 3 13 6 11 10 28 -6 -7 18 25 -9 14 19 46 -17 -8 -1 20 21 -2 -15 24 -24 41 27 -21 -5 -16 31 -22 33 34 -27 -26 -18 -32 45 -12 -28 -3 43 44 -43 -30 -4 -14 49 -41 52 -52 55 -54 -55 56 -42 -57 -37 -34 -20 -29
right_child=2 5 15 7 8 9 17 12 -10 -11 39 -13 47 22 29 16 36 -19 60 26 30 -23 23 -25 35 32 40 61 38 -31 37 -33 59 -35 -36 58 -38 -39 -40 48 50 42 -44 -45 -46 -47 -48 -49 -50 -51 51 -53 53 54 -56 57 -58 -59 -60 -61 -62 -63
leaf_value=-0.025120658464534516 0.066461178258311326 0.073701635788500405 -0.019586450854094377 -0.0038495994863717228 0.023655095655052381 0.016516799916366644 0.07544496238772018 0 0.076412465315118153 0.063149741826739658 0.10702785162837271 0.02945192598629804 0.041695247636239614 -0.02877860934960268 0.0010229410453585948 0.058671064983747141 0.018453123289357134 -0.026160704744379936 0.026068848548175944 0.0081271274907454265 0.099106517289179366 -0.028187404499227301 0.01145508432431365 -0.011115303198930258 -0.017528773301817565 0.060925584102353665 -0.0030280231353403105 0.094230916851089683 -0.021366080113916844 0.078853697884774143 -0.0032331025910644203 -0.034461601682603982 0.079765468117406618 0.075683859712872933 -0.002774156614771556 0.11159371926202385 0.084099793698638986 0.10534788244303654 0.005894617754739667 -0.0031296081727842586 0.068674924062746709 0.064781765949351325 0.093930418574124347 0.073450935855797275 0.010429973663653159 0.034885408284478336 0.080075970332986926 0.075923864323976478 -0.020531138820074128 0.077905090058409898 -0.031991620943460378 0.086425837078401985 -0.00045161799146833579 0.063790556702594939 -0.035116778462458101 0.03752970011397002 -0.0098549003836807224 -0.0049825857562513917 0.0015660354792858065 0.091164097145619669 0.076837735818106156 -0.0056695473563766014
leaf_weight=77.569246917963028 51.094165921211243 9503.7667693346739 22.056748554110527 417.14366920292377 318.32525320351124 331.18673555552959 220.56193545460701 107.56735181808472 585.05002710223198 510.37786236405373 17.453728258609772 162.40163198113441 348.52639931440353 427.24137732386589 70.687837824225426 736.91493037343025 496.05714994668961 33.87983201444149 230.69373634457588 279.15602415800095 63.484417647123337 727.05116306245327 2685.4556352943182 2781.616184219718 755.60959032177925 539.97231282293797 1395.8117992728949 135.24451069533825 74.108243569731712 116.29098051786423 300.3993743211031 19.573394566774368 11116.9886418432 3425.8459108918905 86.244374051690102 26.957544893026352 66.450148716568947 21.740669965744019 516.49400219321251 293.42885956168175 42.663845717906952 111.53000880777836 158.61179193854332 243.77335983514786 260.48677365481853 1288.4223562479019 442.66001325845718 394.35441540181637 567.27946671843529 57.11961929500103 31.182602629065514 85.407570272684097 149.973438128829 205.70297904312611 26.005719274282455 323.79540182650089 739.80208414793015 188.54268868267536 43.40314294397831 1933.394065156579 120.21331898868084 22.734164848923683
leaf_count=451 165 29201 128 2187 1410 1547 684 555 1804 1729 39 702 1411 2557 359 2608 2281 194 1016 1378 171 4311 13102 15291 4272 1834 7328 380 427 365 1591 120 32444 10310 440 58 192 52 2587 1564 146 366 405 745 1208 5432 1290 1216 3225 177 189 229 779 733 161 1363 3999 1001 222 5074 375 121
internal_value=0.0507648 0.0717366 0.0117797 0.00690067 0.0299268 0.0754485 0.0142646 0.0284117 0.0579021 0.0448749 0.00534457 0.07638 0.0523944 0.00111918 0.00713726 0.0528423 0.044754 0.0617489 0.0311543 0.00546428 -0.0083815 -0.0218568 -0.00335103 -0.00161566 0.00590206 0.0766561 0.00999215 0.0341921 0.019497 0.0497511 0.0174128 0.0672375 0.0792421 0.0720625 0.0521144 -0.0121081 0.0263968 0.00430534 0.0246953 -0.00646813 0.00665572 0.0723429 0.0555563 0.0454871 0.026935 0.0317905 0.0752494 0.0599833 -0.0087732 0.0101732 0.0142082 0.0544967 0.0113577 0.0316429 0.0524576 0.00533502 -0.00545259 0.0218473 0.0451148 0.0814633 0.0437154 0.0797206
internal_weight=47533.5 30906.2 16627.4 14863.2 2521.58 28384.6 1618.2 3146.62 903.375 841.565 1363.76 27543 850.448 11716.6 4996.34 1764.14 1299.42 254.442 428.476 4809.37 1183.34 778.145 6720.28 6293.04 3511.43 27380.6 3626.02 437.135 2296.17 186.979 405.198 83.0578 17102.4 4052.06 626.217 825.97 562.507 322.14 1879.02 935.282 3188.89 10278.2 774.402 615.79 372.017 1362.53 464.717 742.881 917.828 350.548 1793.08 116.59 1676.49 381.682 231.709 1294.8 782.466 512.338 70.3607 13050.4 350.907 157.979
internal_count=177701 96944 80757 74258 10939 86005 7725 13815 3214 3276 6847 82729 3182 60443 24941 6499 5081 878 1842 24217 6410 4476 35502 32945 17654 82027 17807 1879 10633 724 1934 291 50102 12584 2274 4552 2473 1643 8446 5005 15928 31925 2724 2319 1574 5859 1418 2627 4966 1741 8600 418 8182 1673 894 6509 4145 2364 280 37518 1391 501
is_linear=0
shrinkage=0.03


Tree=2
num_leaves=63
num_cat=0
split_feature=1 44 45 8 17 48 25 24 58 41 21 41 38 41 56 44 41 55 4 48 38 17 48 58 26 45 45 21 37 56 62 44 39 0 18 56 27 24 41 20 37 60 41 48 41 42 60 45 41 44 45 42 46 56 42 20 56 51 51 62 27 17
split_gain=38569 4630.65 3292.18 1748.75 845.719 843.118 770.803 593.649 520.536 430.902 353.404 343.973 314.582 456.884 329.49 506.866 374.014 343.334 473.942 319.345 314 335.471 310.195 305.691 293.209 265.741 383.257 259.487 258.698 257.131 253.112 248.363 245.516 283.667 243.43 241.914 237.314 302.433 351.002 234.964 218.314 213.915 213.52 228.031 208.925 483.345 320.12 250.064 207.495 206.874 219.129 204.67 211.415 202.25 231.009 198.447 194.961 248.228 207.71 190.253 269.84 250.645
threshold=0.00088850000000000008 -1.7433017851517738 5.1716500000000005 379941.38868250005 0.00049550000000000017 4686884.0353035005 0.84775000000000011 2.9568221296260888 2.2951485000000003 0.0071180000000000002 0.036024500000000008 0.0060205000000000007 1.5020235000000002 0.0016555000000000001 -0.089891584999999982 -1.7107465433801512 0.036863000000000007 205.04250000000005 -0.46348784242149543 2677610.5626490004 0.64924050000000011 0.0048255000000000008 649914.86306000012 1.4143775000000003 2.7950000000000004 -5.866649999999999 -6.7625499999999992 0.0081855000000000018 0.025684500000000002 0.00022030000000000002 1.0000000180025095e-35 -2.1174334068644884 -0.0014470899999999998 43.595000000000006 1.9933490000000003 -0.089891584999999982 -0.69459999999999988 0.42572065526818348 0.0043450000000000008 75.77500000000002 0.056241500000000007 -0.23768589232617351 0.024744500000000003 12286739.210373502 0.0042755000000000007 0.066773000000000013 0.29026740676763302 1.6207000000000003 0.0020825000000000006 5.4665765377156221 2.9245000000000005 0.34309100000000009 66.75500000000001 -0.096993309999999985 -0.16018699999999997 56.335000000000008 -0.035714704999999992 0.025919000000000001 6.8989590000000005 1.5000000000000002 -1.1772499999999997 0.018293000000000004
decision_type=2 2 2 2 2 2 2 2 2 2 2 2 2 2 2 2 2 2 2 2 2 2 2 2 2 2 2 2 2 2 2 2 2 2 2 2 2 2 2 2 2 2 2 2 2 2 2 2 2 2 2 2 2 2 2 2 2 2 2 2 2 2
left_child=1 5 3 12 10 6 9 24 29 22 27 55 13 -2 -14 16 17 32 19 -19 -4 -22 -1 -11 -5 26 53 42 59 -7 -20 -8 33 -16 35 -26 37 38 -29 49 41 -21 43 44 45 -3 47 -47 -37 -15 -51 -12 -53 -25 -55 -6 -9 -58 -59 61 -61 -23
right_child=2 4 20 7 11 8 31 56 -10 23 51 -13 14 39 15 -17 -18 18 30 40 21 28 -24 25 34 -27 -28 36 -30 -31 -32 -33 -34 -35 -36 48 -38 -39 -40 -41 -42 -43 -44 -45 -46 46 -48 -49 -50 50 -52 52 -54 54 -56 -57 57 58 -60 60 -62 -63
leaf_value=0.076942825573584117 -0.034604795950697528 0.063495228806335083 0.07057645690199528 -0.0052401960464883946 0 0.071974274854980369 0.074387997806564285 0.0068764545617383439 -0.02329074003297751 0.056316099489401389 -0.00037933708292229841 0.054837845607861424 -0.028577373275687688 0.0067862182884280784 0.00065478268225690388 -0.010873369308548382 0.086704509861673301 -0.0035657935938968729 -0.016278027944938125 0.010957167098622107 0.055168537723793654 0.014979510366267828 0.020101924941826419 0.044046412412892588 -0.030108231232735233 -0.017581896018177275 0.078698737092257456 -0.011550671046921387 0.075293150032568285 0.014529892202052594 0.055275828422381171 -0.003912277867353162 -0.0051662357738196454 0.07546361383427154 0.0042471843024669336 -0.0047323708381093827 0.075724901037182962 0.070605728769109061 0.056067861664075611 0.076592077472191739 -0.010205133780297323 0.087760382904444822 0.074472120563631963 0.088078589013081188 0.065926496290235587 0.052736254184856349 -0.034947061191416988 -0.033662872749683735 0.037157464275363344 0.060785079203386688 -0.010002247756462218 0.087905627446320467 0.011713136273296069 -0.034246093907646345 0.030693651737064905 0.051930352087150584 0.016035913935372747 0.070339577221431096 -0.024488959877857749 0.086511318760820424 -0.013902821641199872 0.08203723329049338
leaf_weight=108.43375104665756 228.59031602740288 749.54131999611855 469.03998504579067 356.98043762147427 213.21335481107235 560.5434395223856 248.0152602493763 79.608723014593124 65.757911548018456 76.152201175689697 92.767356157302856 658.60179254412651 427.6053651124239 4635.5206304788589 116.85974302887917 2850.9493197798729 50.040750876069069 728.81004010140896 50.360895425081253 53.651178702712059 728.49683366715908 175.68060858547688 430.77938964962959 70.110688060522079 55.16297821700573 623.58059629797935 67.281651720404625 79.478714033961296 76.369677543640137 82.340548232197762 324.66842202842236 41.754370421171188 2080.7655421197414 74.723573252558708 412.0555993616581 115.45745910704136 13781.372801110148 3307.8186306208372 480.4561505317688 44.544307827949524 56.038619473576546 87.743256017565727 3218.8084944784641 381.62909452617168 6309.0725072771311 162.26742625236511 76.35700835287571 35.805651023983955 1169.09355263412 127.64440229535103 55.370146811008453 80.613475039601326 57.019001841545105 156.45084951817989 70.451781794428825 95.536792948842049 110.28328940272331 479.73772129416466 20.77841554582119 26.056411579251289 217.06938715279102 70.47448268532753
leaf_count=310 1424 2320 1366 1888 1082 1664 712 396 367 262 464 2243 2604 23050 602 15763 134 3822 279 257 2495 806 1933 290 336 3518 189 416 218 371 1192 216 11032 238 2068 591 37857 9534 1594 135 304 259 8975 949 19076 545 429 203 4707 428 297 207 262 957 316 348 503 1448 117 72 1163 206
internal_value=0.0479286 0.0669718 0.0106789 0.00605646 0.0703258 0.0285553 0.0180657 0.0274036 0.056469 0.00988644 0.0712548 0.0425804 0.00107005 0.00672804 -0.00309979 -0.00140838 0.00603096 0.00486897 0.0171531 0.00557839 0.0494185 0.0416785 0.0317092 -0.00116383 0.0194592 -0.00567758 0.0146098 0.0715545 0.024185 0.0646974 0.0455697 0.0630275 -0.00215688 0.0302287 0.0245098 0.0307117 0.0738456 0.067124 0.0464129 0.00868378 0.0393325 0.0591102 0.067847 0.0650696 0.0638562 0.0510195 0.0167292 0.0368766 0.0333683 0.00803403 0.0392677 0.033787 0.0568688 -2.27835e-05 -0.0139049 0.0162442 0.051562 0.0573163 0.0663021 0.0160093 -0.00270801 0.0345538
internal_weight=48938.2 32382 16556.2 14793 29780.4 2601.65 1893.01 2799.16 708.642 1603.24 28813 967.352 11993.9 5091.67 6902.22 6474.61 3623.66 3573.62 1301.27 926.243 1763.19 1294.15 539.213 1064.03 2108.75 987.876 364.295 28582.6 565.651 642.884 375.029 289.77 2272.35 191.583 1751.77 1339.71 17649.1 3867.75 559.935 4863.08 197.433 141.394 10933.5 7714.67 7333.04 1023.97 274.43 198.073 1284.55 4818.54 183.015 230.4 137.632 297.013 226.903 308.75 690.408 610.799 500.516 489.281 243.126 246.155
internal_count=177809 97609 80200 73874 86504 11105 8703 12054 2402 7775 82831 3673 61820 25334 36486 33882 18119 17985 6113 4642 6326 4960 2243 5532 9590 5270 1752 81898 2465 2035 1471 928 11872 840 7702 5634 49401 11544 2010 23910 820 516 32497 23522 22573 3497 1177 748 5298 23775 725 933 469 1563 1273 1430 2464 2068 1565 2247 1235 1012
is_linear=0
shrinkage=0.03


Tree=3
num_leaves=63
num_cat=0
split_feature=1 40 45 57 8 17 8 45 25 24 24 37 47 62 48 40 45 56 37 56 45 0 57 25 41 54 48 44 47 8 57 57 62 45 45 1 45 41 58 56 23 21 37 62 62 60 23 43 40 48 51 42 41 62 53 24 41 62 21 45 17 39
split_gain=33688.9 4958.67 2389.71 1159.63 1070.94 952.723 913.765 551.866 519.896 466.929 341.714 530.863 415.961 355.089 405.58 336.362 325.327 462.482 338.711 321.436 414.193 349.128 284.301 636.103 581.507 377.72 357.681 490.241 329.722 276.146 272.68 268.909 377.116 371.112 295.306 268.194 333.183 267.915 386.48 265.038 401.554 268.041 323.993 316.133 417.697 391.29 272.916 279.27 335.884 272.645 268.73 264.012 380.637 260.802 253.968 239.951 234.896 234.31 672.943 314.073 220.982 219.743
threshold=0.0011505000000000003 46.275000000000013 5.2931500000000007 0.0141215 297203.56273050007 0.0011775000000000004 7811787.312268001 9.8624000000000027 0.84775000000000011 -0.40185608679556889 -0.29770926360465072 0.049931500000000011 4.3579500000000007 3.5000000000000004 1551161.3770150002 42.375000000000007 -3.7479999999999998 -0.010146384999999999 0.0010265000000000003 0.047147865000000004 3.3633500000000001 43.155000000000008 0.0021890000000000004 3.8743000000000003 0.0051250000000000011 42.435000000000009 2855674.9498280003 -4.896099227152634 -1.5293499999999998 2965668.4287925004 0.018591000000000003 0.007732000000000001 2.5000000000000004 -2.9195499999999996 -6.3695499999999994 0.00078450000000000015 16.846800000000005 0.038398000000000009 1.4836495000000001 -0.089891584999999982 0.27815299672055277 0.042815500000000006 0.00069150000000000017 3.5000000000000004 1.5000000000000002 0.21643961393810304 -0.11354254151444856 0.01244594587648825 35.965000000000011 605400.54782500013 1.9960770000000003 1.0369055000000003 0.012732000000000002 5.0000000000000009 22.570000000000004 1.7104336312479314 0.0022975000000000005 1.5000000000000002 0.0091350000000000025 -1.3332999999999997 0.0034885000000000007 -3.2684999999999996e-05
decision_type=2 2 2 2 2 2 2 2 2 2 2 2 2 2 2 2 2 2 2 2 2 2 2 2 2 2 2 2 2 2 2 2 2 2 2 2 2 2 2 2 2 2 2 2 2 2 2 2 2 2 2 2 2 2 2 2 2 2 2 2 2 2
left_child=1 3 4 29 19 10 8 -7 -5 60 11 13 53 35 -15 -10 -11 30 -19 20 22 -21 23 24 28 -26 27 -24 -2 55 -18 33 34 -28 -33 -3 -37 39 -39 40 -29 42 46 44 56 61 -41 48 -48 -50 -51 52 -4 -12 -47 -1 -43 58 -35 -60 -6 -46
right_child=2 5 51 6 9 7 -8 -9 15 16 12 -13 -14 14 -16 -17 17 18 -20 21 -22 -23 26 -25 25 -27 31 37 -30 -31 -32 32 -34 57 -36 36 -38 38 -40 41 -42 43 -44 -45 45 54 47 -49 49 50 -52 -53 -54 -55 -56 -57 -58 -59 59 -61 -62 -63
leaf_value=0.026279935636083458 0.055931707899626433 0.065062811338522722 -0.0057461844587720834 -0.006991344750370096 0.020200361959469868 0.0045281386716432507 0.068922764010067111 0.068163980181927694 0.063315981043295694 -0.0057906318610846507 0.068712101359274705 -0.037030304086833249 -0.022563447990580961 0.051128850926867107 -0.0099675302061857218 -0.029073547361319119 0.074607938366270887 -0.021191394487687375 0.032530428079147987 0.074136072275987924 -0.031894729722587591 -0.00067005989487728586 -0.030834976884680128 0.089588205584897163 0.00093273077861057445 0.086479751703881336 0.088937616983299023 -0.020564857071385247 -0.024756752378904966 0.055783767896353004 0.026662000729081221 0.049043373057783834 0.032009669755301222 0.0026284493202474294 -0.028485843660340557 0.0033183105380377746 0.098223453130138708 0.086907921367063351 -0.03563266701611735 -0.017665095790731077 0.1139247945861641 0.108369427692894 -0.0042629076228156279 -0.01826558977497263 -0.0349664122310357 0.088710420996422096 0.083095491462635382 0.034873457556035589 -0.023141776322548067 -0.020848674270914309 0.029257492460591214 0.083770315916746871 0.04574516507148798 0.035263055799446406 0.030035538991949409 0.055710360892772509 -0.0073442015880533385 0.0061493802242981897 -0.029386521550201113 0.091295420204326641 -0.0037927028493926992 0.031578310959262682
leaf_weight=943.91868549585342 46.143568679690361 5970.3083751499653 143.1215647906065 1162.6730939149857 727.5760942697525 360.6419342905283 203.08692800998688 185.88074330985546 167.86232531070709 166.47098298370838 22921.576194062829 48.761005267500877 44.401902988553047 855.29028406739235 109.15709535777569 43.762058094143867 363.05007097125053 126.75220091640949 599.14146091043949 109.23652786016464 358.25291280448437 112.80566680431366 432.7202725559473 53.601898863911629 124.9979590177536 73.631784662604332 74.794471338391304 659.10546590387821 1265.1886050701141 938.92803670465946 156.43356585502625 49.821174815297127 206.8406428694725 242.46770635247231 331.88265018165112 134.27181650698185 43.621699631214142 73.639517769217491 32.512032747268677 231.78188148140907 19.562103107571602 15.650936350226401 3698.3723306655884 179.88243372738361 62.888156563043594 171.2309592962265 47.045036926865578 508.54278108477592 263.7728551030159 133.45843337476254 335.43235157430172 140.61567568778992 1220.1076814681292 218.72625540196896 113.5003280043602 344.59606473147869 301.88582754135132 523.15038956701756 20.998220279812813 170.93832460045815 653.21815986931324 146.03114493191242
leaf_count=3925 174 16912 725 6210 3257 1768 593 534 515 867 62138 286 227 2722 539 249 1004 708 2455 331 2178 580 2597 150 645 216 206 3840 7487 3009 676 194 905 1229 1961 629 83 181 201 1293 34 31 19583 1006 380 493 144 2145 1510 764 1460 355 4285 774 495 1097 1614 2603 126 459 3401 632
internal_value=0.0453213 0.0617431 0.00852889 0.0294021 0.00466067 0.0657242 0.00968768 0.0263114 0.00086865 0.0212771 0.0664322 0.0606238 0.0682223 0.0613026 0.0441797 0.0440227 0.0334108 0.0386754 0.0230923 0.000510217 -0.000211974 0.0361647 0.000857742 -0.0109465 -0.0145922 0.0330695 0.00290193 0.000110602 -0.0218541 0.043339 0.0603064 0.0156655 -0.000470009 0.024885 -0.0181864 0.0639761 0.0271769 0.00203355 0.049114 0.00129663 -0.0164822 0.00324695 0.000523473 0.017542 0.0255321 0.0427712 0.012184 0.0175873 0.0062442 0.00116208 0.0149181 0.044453 0.040317 0.0683988 0.0656133 0.0342111 -0.00122436 0.019763 0.036037 0.0778532 0.00883362 0.0113332
internal_weight=50185.7 34697.5 15488.3 3804.83 13984.4 30892.6 1577.38 546.523 1374.3 2792.64 30346.1 7161.41 23184.7 7112.65 964.447 211.624 1411.85 1245.38 725.894 11191.8 10969.7 222.042 10611.5 1563.56 1509.96 198.63 9047.91 7427.01 1311.33 2227.44 519.484 1620.89 588.544 1032.35 381.704 6148.2 177.894 6994.29 106.152 6888.14 678.668 6209.48 5218.41 991.07 811.187 493.651 1520.03 1288.25 779.709 732.664 468.891 1503.84 1363.23 23140.3 284.731 1288.51 317.537 957.555 434.404 191.937 1380.79 208.919
internal_count=177790 102210 75580 15598 70215 86612 7567 2302 6974 12368 84310 21171 63139 20885 3261 764 5710 4843 3163 57847 56936 911 54758 8672 8522 861 46086 38403 7661 8031 1680 7683 3060 4623 2155 17624 712 35806 382 35424 3874 31550 26899 4651 3645 2000 7316 6023 3878 3734 2224 5365 5010 62912 988 5022 1645 4417 1814 585 6658 1012
is_linear=0
shrinkage=0.03


end of trees

feature_importances:
Column_45=24
Column_41=19
Column_56=19
Column_57=16
Column_48=14
Column_44=13
Column_17=12
Column_37=11
Column_58=11
Column_62=11
Column_24=10
Column_25=8
Column_38=8
Column_20=6
Column_21=6
Column_60=6
Column_8=5
Column_42=5
Column_1=4
Column_0=3
Column_18=3
Column_27=3
Column_39=3
Column_40=3
Column_43=3
Column_46=3
Column_51=3
Column_4=2
Column_23=2
Column_26=2
Column_47=2
Column_19=1
Column_22=1
Column_28=1
Column_50=1
Column_53=1
Column_54=1
Column_55=1
Column_59=1

parameters:
[boosting: gbdt]
[objective: binary]
[metric: binary_logloss]
[tree_learner: serial]
[device_type: cpu]
[data_sample_strategy: bagging]
[data: ]
[valid: ]
[num_iterations: 2000]
[learning_rate: 0.03]
[num_leaves: 63]
[num_threads: 0]
[seed: 0]
[deterministic: 0]
[force_col_wise: 0]
[force_row_wise: 0]
[histogram_pool_size: -1]
[max_depth: -1]
[min_data_in_leaf: 50]
[min_sum_hessian_in_leaf: 0.001]
[bagging_fraction: 0.8]
[pos_bagging_fraction: 1]
[neg_bagging_fraction: 1]
[bagging_freq: 1]
[bagging_seed: 3]
[bagging_by_query: 0]
[feature_fraction: 0.8]
[feature_fraction_bynode: 1]
[feature_fraction_seed: 2]
[extra_trees: 0]
[extra_seed: 6]
[early_stopping_round: 0]
[early_stopping_min_delta: 0]
[first_metric_only: 0]
[max_delta_step: 0]
[lambda_l1: 1]
[lambda_l2: 1]
[linear_lambda: 0]
[min_gain_to_split: 0]
[drop_rate: 0.1]
[max_drop: 50]
[skip_drop: 0.5]
[xgboost_dart_mode: 0]
[uniform_drop: 0]
[drop_seed: 4]
[top_rate: 0.2]
[other_rate: 0.1]
[min_data_per_group: 100]
[max_cat_threshold: 32]
[cat_l2: 10]
[cat_smooth: 10]
[max_cat_to_onehot: 4]
[top_k: 20]
[monotone_constraints: ]
[monotone_constraints_method: basic]
[monotone_penalty: 0]
[feature_contri: ]
[forcedsplits_filename: ]
[refit_decay_rate: 0.9]
[cegb_tradeoff: 1]
[cegb_penalty_split: 0]
[cegb_penalty_feature_lazy: ]
[cegb_penalty_feature_coupled: ]
[path_smooth: 0]
[interaction_constraints: ]
[verbosity: -1]
[saved_feature_importance_type: 0]
[use_quantized_grad: 0]
[num_grad_quant_bins: 4]
[quant_train_renew_leaf: 0]
[stochastic_rounding: 1]
[linear_tree: 0]
[max_bin: 255]
[max_bin_by_feature: ]
[min_data_in_bin: 3]
[bin_construct_sample_cnt: 200000]
[data_random_seed: 1]
[is_enable_sparse: 1]
[enable_bundle: 1]
[use_missing: 1]
[zero_as_missing: 0]
[feature_pre_filter: 1]
[pre_partition: 0]
[two_round: 0]
[header: 0]
[label_column: ]
[weight_column: ]
[group_column: ]
[ignore_column: ]
[categorical_feature: ]
[forcedbins_filename: ]
[precise_float_parser: 0]
[parser_config_file: ]
[objective_seed: 5]
[num_class: 1]
[is_unbalance: 0]
[scale_pos_weight: 3.86749]
[sigmoid: 1]
[boost_from_average: 1]
[reg_sqrt: 0]
[alpha: 0.9]
[fair_c: 1]
[poisson_max_delta_step: 0.7]
[tweedie_variance_power: 1.5]
[lambdarank_truncation_level: 30]
[lambdarank_norm: 1]
[label_gain: ]
[lambdarank_position_bias_regularization: 0]
[eval_at: ]
[multi_error_top_k: 1]
[auc_mu_weights: ]
[num_machines: 1]
[local_listen_port: 12400]
[time_out: 120]
[machine_list_filename: ]
[machines: ]
[gpu_platform_id: -1]
[gpu_device_id: -1]
[gpu_use_dp: 0]
[num_gpu: 1]

end of parameters

pandas_categorical:null
