tree
version=v4
num_class=1
num_tree_per_iteration=1
label_index=0
max_feature_idx=64
objective=binary sigmoid:1
feature_names=Column_0 Column_1 Column_2 Column_3 Column_4 Column_5 Column_6 Column_7 Column_8 Column_9 Column_10 Column_11 Column_12 Column_13 Column_14 Column_15 Column_16 Column_17 Column_18 Column_19 Column_20 Column_21 Column_22 Column_23 Column_24 Column_25 Column_26 Column_27 Column_28 Column_29 Column_30 Column_31 Column_32 Column_33 Column_34 Column_35 Column_36 Column_37 Column_38 Column_39 Column_40 Column_41 Column_42 Column_43 Column_44 Column_45 Column_46 Column_47 Column_48 Column_49 Column_50 Column_51 Column_52 Column_53 Column_54 Column_55 Column_56 Column_57 Column_58 Column_59 Column_60 Column_61 Column_62 Column_63 Column_64
feature_infos=[0.62:91.090000000000003] [5.3000000000000001e-05:0.054050000000000001] [-2.329758:3.296869] [-1.5609383874552414:1.0355417956656348] [-12.228699238135178:9.0059523809523796] [-20.353000000000002:6.4504999999999999] [0:100] [-3.3092000000000001:4.3581000000000003] [37.371127000000001:362832589.30712497] [0:1] [0:1] [0:14.537974999999999] [0:100] [0:100] [0:100] [-100:6700] [-0.22740199999999999:0.059043680000000001] [1.4e-05:0.101086] [0.006705:10.180012] [-0.067480159999999997:0.010629960000000001] [4.1500000000000004:99.760000000000005] [0.000195:0.086930999999999994] [-3.6768489999999998:2.3756409999999999] [-1.4145284872298625:1.6100833044081917] [-10.572984226118985:12.439119496855346] [-17.654299999999999:23.0304] [0.01:100] [-3.6793999999999998:4.3586] [77.409227999999999:306989728.04866099] [0:1] [0:1] [0:14.769584999999999] [0:100] [0:100] [0:100] [-100:34900] [-0.19489259:0.20695706] [6.0000000000000002e-05:0.53812400000000005] [0.013237000000000001:132.23729900000001] [-0.066524310000000003:0.066474060000000001] [0.57999999999999996:99.75] [0.00053300000000000005:0.078666] [-2.490462:2.1984620000000001] [-1.3556927133269414:1.5131275449888351] [-12.209864468352663:12.451813719621695] [-11.4411:25.6493] [0.070000000000000007:99.980000000000004] [-3.0727000000000002:4.3589000000000002] [1448.4302170000001:149855353.51292801] [0:1] [0:1] [0:14.637029] [0:100] [0:100] [0:99.400000000000006] [-93.370999999999995:10920] [-0.12169147:0.22781203] [0.00015799999999999999:0.55201699999999998] [0.027803999999999999:199.99576099999999] [-0.02699621:0.070348209999999994] [-1:1] [-1:1] [0:6] [0:1] [0:1]
tree_sizes=6766

Tree=0
num_leaves=63
num_cat=0
split_feature=17 44 57 45 48 18 58 18 58 57 25 42 38 22 21 42 26 17 37 37 45 57 58 42 62 24 42 56 57 21 37 58 47 45 58 52 48 46 62 18 3 48 41 45 20 20 37 44 57 42 17 59 43 24 60 45 52 5 53 53 53 58
split_gain=45861.2 9535.85 2992.24 1876.9 1583.92 1227.08 1161.52 800.593 762.21 1015.91 582.512 710.779 564.464 483.626 457.808 448.761 396.653 375.321 365.934 365.308 356.201 348.452 327.807 310.016 474.491 309.171 295.889 326.248 369.033 291.557 289.159 487.191 298.127 288.304 390.752 278.866 380.25 296.701 315.736 267.544 264.795 263.47 637.372 316.366 400.256 312.363 290.3 404.96 461.871 262.797 259.123 404.601 254.998 253.301 252.786 252.492 245.905 238.675 243.097 248.446 242.838 237.757
threshold=0.0019015000000000002 -0.53886959335371776 0.023566500000000004 6.6247500000000006 483550.82829800009 0.29436000000000001 1.7234800000000001 0.35014850000000003 0.40815650000000009 0.0083745000000000017 3.8743000000000003 0.22310900000000003 1.6676630000000003 -0.40670349999999994 0.027865500000000005 0.08232200000000002 33.505000000000003 0.0075935000000000004 0.029984500000000001 0.0011545000000000004 -2.6366999999999994 0.0030725000000000006 0.59053500000000014 0.49832900000000008 1.5000000000000002 -3.7538211680166378 -1.0600309999999997 -0.027600409999999995 0.024893000000000002 0.0040065000000000005 0.0062400000000000008 0.10702950000000001 1.6098000000000001 2.3530500000000005 1.6405105000000002 7.1950000000000012 3489920.7354245004 15.435 2.5000000000000004 1.4494310000000004 -0.047102874475351948 350100.74782300007 0.011129500000000002 0.037150000000000009 45.395000000000003 61.405000000000008 0.00097250000000000017 -1.9997520959075279 0.036901500000000011 -0.15736699999999998 0.00027350000000000003 -0.00036225999999999994 -0.026754498773446034 -0.41725880474316407 0.63435554093529933 -0.026349999999999995 45.055000000000007 -4.3579999999999997 16.965000000000003 20.555000000000003 27.790000000000003 1.4794510000000003
decision_type=2 2 2 2 2 2 2 2 2 2 2 2 2 2 2 2 2 2 2 2 2 2 2 2 2 2 2 2 2 2 2 2 2 2 2 2 2 2 2 2 2 2 2 2 2 2 2 2 2 2 2 2 2 2 2 2 2 2 2 2 2 2
left_child=1 2 6 10 39 -6 7 40 52 15 12 -12 21 -9 19 29 -15 20 50 -8 -14 23 -23 30 -25 -4 -22 28 -28 -10 31 -2 -32 35 -35 36 -24 -37 61 55 -1 42 -40 46 54 -44 -43 48 -48 -27 -11 -52 -7 -29 -45 -3 -17 -5 -59 -60 -61 -39
right_child=3 4 25 57 5 8 14 13 9 18 11 -13 17 16 -16 56 -18 -19 -20 -21 26 22 33 24 -26 49 27 53 -30 -31 32 -33 -34 34 -36 37 -38 38 41 -41 -42 43 45 44 -46 -47 47 -49 -50 -51 51 -53 -54 -55 -56 -57 -58 58 59 60 -62 -63
leaf_value=-1.3804239340412097 -1.267293569724784 -1.2718537714445755 -1.316349044264991 -1.3913620433023346 -1.3779942973059409 -1.3737189365492473 -1.3629694823649672 -1.271533485616172 -1.2897461942541564 -1.2923636602181006 -1.2993597442234532 -1.3971618870298532 -1.3865322027490692 -1.3302877380608706 -1.394531094316283 -1.3647216999271183 -1.2966542213171413 -1.37377587103176 -1.2834051255945815 -1.3221292838635759 -1.256362329467118 -1.23694534868293 -1.344148374689895 -1.2879855387354753 -1.3805686509319186 -1.3895929429460583 -1.2932292784311767 -1.3696918719310041 -1.3979773838000542 -1.3367149312555542 -1.3778237957895501 -1.4015898578201711 -1.3191088437814811 -1.3359631144251056 -1.3843130728887854 -1.3715738015304282 -1.2767731109073228 -1.3755576279652129 -1.2653953224740326 -1.3316266211242989 -1.3215356473187854 -1.3767861751399946 -1.3727144594549943 -1.2654237212280632 -1.3426581099205763 -1.265278853587672 -1.3160477593281592 -1.3917665797919347 -1.3960615821246651 -1.3620090645001359 -1.2913931771974003 -1.3185014755398115 -1.2746863170878635 -1.3395504768357025 -1.3764526911683701 -1.2822709249091593 -1.3256620836323247 -1.3367282052357605 -1.2577808668209702 -1.3549341812713636 -1.3014722010670907 -1.3528264895921023
leaf_weight=149.55391237139702 24.560017883777618 2594.9849305152893 85.925117254257202 36.019522875547409 161.77609404921532 23.058065146207809 303.74057096242905 456.84379094839096 358.18748760223389 2428.6761541366577 272.25051441788673 87.426447540521622 288.14474204182625 468.12856924533844 139.42256709933281 270.93244701623917 1026.9784951806068 4096.1686141192913 1976.8592892289162 571.54388436675072 28.996089160442352 20.666962683200836 325.36657404899597 90.003198951482773 108.57849529385567 580.49435004591942 144.43711850047112 664.45603761076927 37.174719512462616 184.73067182302475 248.86764141917229 476.90607184171677 111.76732352375984 204.63506156206131 558.40687000751495 707.7764820754528 98.528792887926102 525.19478514790535 129.04982045292854 97.454097956418991 124.78660851716995 389.63043165206909 139.44586399197578 112.29910612106323 442.49396017193794 28.383804857730865 368.88421216607094 120.32692912220955 77.560941696166992 664.75671863555908 870.67759954929352 1202.9860681891441 1602.9846524894238 400.42106997966766 21.290584206581116 15005.296907901764 316.27539333701134 288.66549864411354 94.520290642976761 96.229425609111786 414.30776393413544 1921.3772169947624
leaf_count=831 64 7397 338 211 889 125 1553 1296 1178 8161 960 523 1644 2013 824 1397 3559 22056 6202 2342 68 37 1511 290 604 3355 486 3511 224 823 1366 2899 448 908 3154 3773 290 2852 344 421 508 2128 748 299 2039 73 1455 703 462 3384 2903 4823 4681 1814 117 46672 1323 1287 233 472 1484 9344
internal_value=-1.31316 -1.29307 -1.33317 -1.35796 -1.28631 -1.29631 -1.31762 -1.30549 -1.29487 -1.29889 -1.36085 -1.32323 -1.3619 -1.29874 -1.3443 -1.32527 -1.30713 -1.369 -1.29431 -1.33625 -1.3565 -1.35636 -1.35364 -1.37222 -1.33857 -1.37102 -1.34969 -1.35197 -1.31488 -1.30558 -1.38004 -1.39476 -1.35962 -1.35406 -1.37128 -1.35162 -1.32824 -1.35362 -1.35064 -1.281 -1.35367 -1.34121 -1.31529 -1.34628 -1.32871 -1.35422 -1.35692 -1.34322 -1.33005 -1.37485 -1.29912 -1.30707 -1.27611 -1.35837 -1.28327 -1.28073 -1.3436 -1.31677 -1.31371 -1.30284 -1.31144 -1.35772
internal_weight=45868.3 31667.1 4572.17 14201.2 27094.9 9397.14 3241 2226.29 9235.37 7609.33 13271.5 359.677 12911.8 1951.95 1014.71 1130.13 1495.11 5659.8 6479.2 875.284 1563.63 7252 6191.32 1060.68 198.582 1331.18 1275.49 1246.49 181.612 542.918 862.101 501.466 360.635 6170.65 763.042 5407.61 423.895 4983.71 4275.94 17697.7 274.341 1829.37 296.879 1532.49 576.084 167.83 956.403 566.772 446.445 1245.25 4502.34 2073.66 1626.04 1064.88 133.59 17600.3 587.208 929.743 893.723 605.057 510.537 2446.57
internal_count=177879 106998 20003 70881 86995 32505 12926 8207 31616 26810 67194 1483 65711 6868 4719 4721 5572 29803 22089 3895 7747 35908 30237 5671 894 7077 6103 6035 710 2001 4777 2963 1814 30200 4062 26138 1801 24337 20564 54490 1339 8368 1165 7203 2455 821 4748 2620 1917 6739 15887 7726 4806 5325 416 54069 2720 3687 3476 2189 1956 12196
is_linear=0
shrinkage=1


end of trees

feature_importances:
Column_58=6
Column_42=5
Column_45=5
Column_57=5
Column_37=4
Column_17=3
Column_18=3
Column_48=3
Column_53=3
Column_20=2
Column_21=2
Column_24=2
Column_44=2
Column_52=2
Column_62=2
Column_3=1
Column_5=1
Column_22=1
Column_25=1
Column_26=1
Column_38=1
Column_41=1
Column_43=1
Column_46=1
Column_47=1
Column_56=1
Column_59=1
Column_60=1

parameters:
[boosting: gbdt]
[objective: binary]
[metric: binary_logloss]
[tree_learner: serial]
[device_type: cpu]
[data_sample_strategy: bagging]
[data: ]
[valid: ]
[num_iterations: 2000]
[learning_rate: 0.03]
[num_leaves: 63]
[num_threads: 0]
[seed: 0]
[deterministic: 0]
[force_col_wise: 0]
[force_row_wise: 0]
[histogram_pool_size: -1]
[max_depth: -1]
[min_data_in_leaf: 50]
[min_sum_hessian_in_leaf: 0.001]
[bagging_fraction: 0.8]
[pos_bagging_fraction: 1]
[neg_bagging_fraction: 1]
[bagging_freq: 1]
[bagging_seed: 3]
[bagging_by_query: 0]
[feature_fraction: 0.8]
[feature_fraction_bynode: 1]
[feature_fraction_seed: 2]
[extra_trees: 0]
[extra_seed: 6]
[early_stopping_round: 0]
[early_stopping_min_delta: 0]
[first_metric_only: 0]
[max_delta_step: 0]
[lambda_l1: 1]
[lambda_l2: 1]
[linear_lambda: 0]
[min_gain_to_split: 0]
[drop_rate: 0.1]
[max_drop: 50]
[skip_drop: 0.5]
[xgboost_dart_mode: 0]
[uniform_drop: 0]
[drop_seed: 4]
[top_rate: 0.2]
[other_rate: 0.1]
[min_data_per_group: 100]
[max_cat_threshold: 32]
[cat_l2: 10]
[cat_smooth: 10]
[max_cat_to_onehot: 4]
[top_k: 20]
[monotone_constraints: ]
[monotone_constraints_method: basic]
[monotone_penalty: 0]
[feature_contri: ]
[forcedsplits_filename: ]
[refit_decay_rate: 0.9]
[cegb_tradeoff: 1]
[cegb_penalty_split: 0]
[cegb_penalty_feature_lazy: ]
[cegb_penalty_feature_coupled: ]
[path_smooth: 0]
[interaction_constraints: ]
[verbosity: -1]
[saved_feature_importance_type: 0]
[use_quantized_grad: 0]
[num_grad_quant_bins: 4]
[quant_train_renew_leaf: 0]
[stochastic_rounding: 1]
[linear_tree: 0]
[max_bin: 255]
[max_bin_by_feature: ]
[min_data_in_bin: 3]
[bin_construct_sample_cnt: 200000]
[data_random_seed: 1]
[is_enable_sparse: 1]
[enable_bundle: 1]
[use_missing: 1]
[zero_as_missing: 0]
[feature_pre_filter: 1]
[pre_partition: 0]
[two_round: 0]
[header: 0]
[label_column: ]
[weight_column: ]
[group_column: ]
[ignore_column: ]
[categorical_feature: ]
[forcedbins_filename: ]
[precise_float_parser: 0]
[parser_config_file: ]
[objective_seed: 5]
[num_class: 1]
[is_unbalance: 0]
[scale_pos_weight: 3.92862]
[sigmoid: 1]
[boost_from_average: 1]
[reg_sqrt: 0]
[alpha: 0.9]
[fair_c: 1]
[poisson_max_delta_step: 0.7]
[tweedie_variance_power: 1.5]
[lambdarank_truncation_level: 30]
[lambdarank_norm: 1]
[label_gain: ]
[lambdarank_position_bias_regularization: 0]
[eval_at: ]
[multi_error_top_k: 1]
[auc_mu_weights: ]
[num_machines: 1]
[local_listen_port: 12400]
[time_out: 120]
[machine_list_filename: ]
[machines: ]
[gpu_platform_id: -1]
[gpu_device_id: -1]
[gpu_use_dp: 0]
[num_gpu: 1]

end of parameters

pandas_categorical:null
